6 6 6 6 6 6 6 6 6 6 6 6 6 6 6 6 5 5 5 5 5 5 5 5 5 5 5 5 5 8 6 6 6 6 6 6 10 10 10 10 10 10 10 7 7 7 7 7 7 7 7 8 8 8 8 8 
1 1 1 1 1 1 1 1 1 1 1 8 1 1 1 1 1 8 1 1 1 1 1 1 8 17 17 17 17 17 17 17 17 17 17 17 17 17 3 3 3 3 3 3 3 3 3 3 3 3 3 3 3 8 3 8 
4 1 4 4 4 4 4 4 6 6 1 1 1 6 6 6 1 6 1 6 4 4 4 1 4 1 4 4 4 6 6 6 6 6 6 6 6 16 16 10 10 10 10 10 10 10 17 10 9 9 9 17 17 9 17 9 
8 1 8 1 1 1 1 1 1 8 1 8 8 8 1 8 1 8 3 3 3 3 8 3 8 3 8 3 3 3 3 3 3 3 3 3 3 3 3 3 3 3 3 3 10 17 17 10 17 17 17 17 17 17 17 10 
6 17 17 17 6 17 17 6 17 6 3 3 3 6 3 6 3 6 6 6 6 3 3 3 3 3 6 3 6 6 6 6 14 14 14 9 9 6 6 6 6 6 6 3 6 6 6 6 6 6 6 6 6 6 3 6 
6 6 6 6 6 6 1 6 1 8 8 8 8 8 1 8 1 8 1 1 1 1 8 8 8 1 8 1 5 17 17 17 17 17 17 17 17 17 17 17 17 17 5 1 1 1 1 1 1 1 1 1 1 5 1 5 
5 3 3 3 3 5 3 3 3 3 3 3 3 3 3 8 3 8 8 8 8 3 8 1 1 1 8 1 8 1 8 8 8 8 8 6 6 6 6 6 6 1 6 6 6 6 6 6 6 1 6 6 6 6 1 6 
6 1 6 1 1 1 1 7 1 7 7 7 7 7 7 7 1 7 1 1 1 1 8 1 8 1 8 1 8 17 17 17 17 17 17 17 17 8 17 17 8 17 5 17 5 3 3 3 5 3 5 3 3 5 3 5 
5 17 5 5 5 6 6 6 17 6 17 17 17 17 17 6 17 6 17 6 6 6 6 6 6 17 6 17 6 6 6 6 6 6 15 15 3 15 3 3 15 3 15 3 3 3 16 3 3 3 16 3 3 13 3 13 
13 3 3 3 3 3 3 13 3 8 8 8 3 8 1 1 1 8 1 1 1 1 1 1 8 1 6 1 1 1 1 1 1 1 1 1 1 6 1 6 6 1 6 1 6 6 6 6 3 6 11 11 3 3 3 11 
6 6 6 6 6 6 17 6 17 6 17 17 17 15 15 15 15 15 15 15 8 8 8 17 8 8 8 8 8 8 8 8 8 8 8 1 1 8 1 1 6 1 6 1 6 1 1 6 6 6 1 6 1 6 6 6 
6 1 1 1 6 1 1 6 1 6 1 5 1 1 1 1 1 1 1 1 1 1 5 3 3 3 3 3 3 3 3 3 3 3 5 5 5 5 5 3 5 3 5 3 5 3 3 3 3 3 3 3 3 3 3 5 
5 5 5 3 3 3 5 5 3 5 5 5 5 5 5 10 10 10 10 10 10 3 10 3 10 10 10 10 10 10 10 10 10 3 3 10 17 17 17 17 10 17 10 17 10 17 10 10 8 8 8 8 8 8 8 8 
6 17 17 17 6 6 6 17 17 6 17 17 17 17 3 3 3 3 3 3 3 3 6 3 3 3 3 3 3 3 3 3 6 6 3 3 3 6 3 1 6 1 6 1 6 1 1 1 1 1 1 1 1 1 1 6 
6 3 6 3 3 3 6 6 6 5 3 5 5 5 5 5 10 10 10 10 10 10 10 10 10 10 10 10 8 8 8 8 8 8 8 8 8 8 8 8 8 3 8 3 5 5 5 5 5 5 5 1 5 1 1 5 
5 1 5 5 5 1 5 1 1 5 1 1 1 1 1 1 1 1 1 1 1 1 17 17 17 17 17 17 17 17 17 17 17 17 3 3 3 3 3 3 3 3 5 3 3 1 1 1 1 1 5 17 5 17 5 5 
5 17 17 17 5 17 5 17 5 5 10 10 10 10 10 10 10 10 10 10 10 10 10 10 10 10 10 10 10 10 10 8 8 8 8 8 8 8 8 8 8 8 8 8 8 8 8 8 8 17 5 17 5 17 17 5 
5 8 8 3 8 3 3 3 8 3 3 3 8 17 17 17 17 17 17 8 3 3 3 3 3 3 3 3 3 3 3 3 1 1 1 1 1 1 1 1 3 3 3 3 3 3 3 3 3 3 8 3 8 3 3 8 
14 1 1 1 14 6 6 6 6 6 6 1 6 1 6 6 6 6 1 6 1 10 10 10 10 10 10 10 10 10 10 10 10 10 8 8 8 8 1 8 8 5 5 5 5 5 5 5 5 5 5 5 5 5 1 5 
5 1 5 17 17 17 17 17 17 17 17 17 5 1 5 1 1 1 1 5 1 5 1 1 1 1 1 1 1 1 1 1 1 5 1 1 1 5 1 5 1 1 1 5 1 1 1 1 1 1 1 1 1 1 1 5 
6 3 6 6 6 6 3 6 6 6 6 6 6 3 6 3 6 6 3 6 3 6 3 6 6 6 6 3 6 6 3 6 3 3 3 6 3 3 3 6 6 6 3 3 3 6 6 6 6 6 3 6 6 6 3 6 
6 1 1 1 1 6 1 6 1 1 1 1 6 1 6 1 1 6 1 1 1 6 17 17 17 17 6 17 6 17 17 6 6 6 6 6 6 6 6 6 17 17 17 6 6 6 17 17 17 6 17 17 17 6 17 1 
8 8 8 8 17 17 17 8 17 8 8 8 8 17 8 8 8 8 8 8 8 8 8 8 8 8 8 17 8 8 8 8 8 17 17 1 1 1 8 8 1 8 1 8 1 1 1 8 1 8 1 8 1 8 1 8 
5 3 3 3 3 5 3 5 3 3 3 3 3 3 3 3 3 3 3 3 3 3 3 3 3 3 3 3 3 3 3 3 3 3 5 5 5 17 17 17 17 17 17 17 17 17 17 5 17 17 17 17 17 17 17 5 
6 6 6 6 6 6 6 6 6 6 6 6 6 6 6 6 6 6 6 6 6 6 6 6 6 6 6 6 6 6 6 6 6 6 6 6 6 6 6 6 6 6 6 6 6 6 6 6 6 6 6 6 6 6 6 6 